process/dx181102B.cnv
* Sea-Bird SBE19plus  Data File:
* FileName = C:\Users\C-019\Desktop\CTD\x181102B_2\x181102B003.hex
* Software version 2.3.0 SB_Terminal.dll
* Temperature SN = 7296
* Conductivity SN = 7296
* System UpLoad Time = Nov 02 2018 18:47:09
* <ApplicationData>
* <SeatermAF>
** Event: 2
** Station: B
** Latitude: -64.7795
** Longitude: -64.04167
** Local Time of Cast: 15:40
# nquan = 13
# nvalues = 55                          
# units = specified
# name 0 = prdM: Pressure, Strain Gauge [db]
# name 1 = depSM: Depth [salt water, m], lat = -64.00
# name 2 = tv290C: Temperature [ITS-90, deg C]
# name 3 = c0mS/cm: Conductivity [mS/cm]
# name 4 = flECO-AFL: Fluorescence, WET Labs ECO-AFL/FL [mg/m^3]
# name 5 = CStarTr0: Beam Transmission, WET Labs C-Star [%]
# name 6 = timeJ: Julian Days
# name 7 = timeS: Time, Elapsed [seconds]
# name 8 = scan: Scan Count
# name 9 = sal00: Salinity, Practical [PSU]
# name 10 = density00: Density [density, kg/m^3]
# name 11 = nbin: number of scans per bin
# name 12 = flag: flag
# span 0 =      5.000,     59.000       
# span 1 =      4.856,     58.476       
# span 2 =    -1.4411,    -1.0490       
# span 3 =  26.843288,  27.362925       
# span 4 =     0.1319,     1.0978       
# span 5 =    95.2009,    98.4077       
# span 6 = 306.796375, 306.798194       
# span 7 =    138.811,    295.962       
# span 8 =        556,       1185       
# span 9 =    33.5839,    33.9016       
# span 10 =  1027.0410,  1027.5482      
# span 11 =          6,         13      
# span 12 = 0.0000e+00, 0.0000e+00      
# interval = decibars: 1                
# start_time = Nov 02 2018 19:04:28 [Instrument's time stamp, header]
# bad_flag = -9.990e-29
*END*
      5.000      4.856    -1.3402  26.866882     0.1344    95.2278 306.796375    138.811        556    33.5839  1027.0410          6 0.0000e+00
      6.000      5.954    -1.3433  26.865380     0.1454    95.2009 306.796405    141.430        567    33.5847  1027.0466         11 0.0000e+00
      7.000      6.926    -1.3449  26.865078     0.1370    95.3080 306.796437    144.191        578    33.5854  1027.0520         11 0.0000e+00
      8.000      7.926    -1.3460  26.865474     0.1319    95.3569 306.796468    146.853        588    33.5866  1027.0578         10 0.0000e+00
      9.000      8.934    -1.3489  26.865393     0.1404    95.4334 306.796500    149.628        600    33.5892  1027.0648         12 0.0000e+00
     10.000      9.892    -1.3525  26.865008     0.1458    95.5330 306.796534    152.503        611    33.5920  1027.0720         11 0.0000e+00
     11.000     10.893    -1.3545  26.864162     0.1796    95.6145 306.796565    155.191        622    33.5925  1027.0773         11 0.0000e+00
     12.000     11.897    -1.3541  26.864584     0.2307    95.6777 306.796596    157.933        633    33.5920  1027.0817         11 0.0000e+00
     13.000     12.865    -1.3570  26.863786     0.2735    95.6872 306.796630    160.813        644    33.5935  1027.0879         12 0.0000e+00
     14.000     13.839    -1.3583  26.863467     0.2980    95.7346 306.796662    163.623        655    33.5940  1027.0931         10 0.0000e+00
     15.000     14.871    -1.3622  26.862091     0.3291    95.7474 306.796693    166.262        666    33.5958  1027.0995         11 0.0000e+00
     16.000     15.843    -1.3724  26.858821     0.3408    95.8020 306.796726    169.104        677    33.6022  1027.1098         12 0.0000e+00
     17.000     16.800    -1.3965  26.849452     0.3917    95.9788 306.796760    172.043        689    33.6158  1027.1264         11 0.0000e+00
     18.000     17.854    -1.4095  26.843671     0.4300    96.1891 306.796790    174.643        700    33.6219  1027.1366         11 0.0000e+00
     19.000     18.791    -1.4115  26.843315     0.4425    96.2611 306.796826    177.740        712    33.6230  1027.1424          9 0.0000e+00
     20.000     19.812    -1.4127  26.843288     0.4672    96.3243 306.796859    180.627        724    33.6237  1027.1478         10 0.0000e+00
     21.000     20.848    -1.4131  26.843759     0.5008    96.3520 306.796890    183.308        734    33.6241  1027.1529          9 0.0000e+00
     22.000     21.776    -1.4148  26.843393     0.5541    96.3821 306.796927    186.457        747    33.6250  1027.1585         11 0.0000e+00
     23.000     22.719    -1.4159  26.843430     0.5715    96.4228 306.796961    189.453        759    33.6256  1027.1639         12 0.0000e+00
     24.000     23.804    -1.4165  26.843652     0.6230    96.3870 306.796991    192.063        769    33.6259  1027.1690         11 0.0000e+00
     25.000     24.735    -1.4157  26.844485     0.6941    96.4224 306.797027    195.100        781    33.6255  1027.1734         12 0.0000e+00
     26.000     25.752    -1.4146  26.845510     0.7490    96.4298 306.797059    197.924        793    33.6251  1027.1779         11 0.0000e+00
     27.000     26.745    -1.4133  26.846666     0.7777    96.4444 306.797091    200.701        804    33.6247  1027.1823         11 0.0000e+00
     28.000     27.733    -1.4150  26.846411     0.8126    96.4292 306.797125    203.574        815    33.6256  1027.1879         12 0.0000e+00
     29.000     28.710    -1.4182  26.845466     0.8128    96.4389 306.797156    206.299        826    33.6273  1027.1942         10 0.0000e+00
     30.000     29.721    -1.4191  26.845535     0.8439    96.4510 306.797188    209.028        837    33.6277  1027.1994         12 0.0000e+00
     31.000     30.700    -1.4195  26.846068     0.9726    96.4510 306.797223    212.048        849    33.6282  1027.2047         12 0.0000e+00
     32.000     31.651    -1.4196  26.846752     0.9046    96.4740 306.797257    215.012        861    33.6287  1027.2098         11 0.0000e+00
     33.000     32.700    -1.4188  26.847983     0.9371    96.4910 306.797287    217.616        871    33.6289  1027.2148         10 0.0000e+00
     34.000     33.665    -1.4188  26.848627     0.9389    96.4935 306.797320    220.460        883    33.6291  1027.2198         12 0.0000e+00
     35.000     34.660    -1.4201  26.848545     0.9251    96.4886 306.797353    223.280        894    33.6299  1027.2253         11 0.0000e+00
     36.000     35.630    -1.4238  26.847925     0.9841    96.5000 306.797387    226.193        906    33.6325  1027.2323         13 0.0000e+00
     37.000     36.630    -1.4329  26.845483     1.0206    96.5676 306.797419    228.981        917    33.6389  1027.2426          9 0.0000e+00
     38.000     37.638    -1.4368  26.847348     1.0571    96.7368 306.797449    231.582        927    33.6452  1027.2527         12 0.0000e+00
     39.000     38.611    -1.4358  26.852193     1.0494    96.8777 306.797481    234.359        938    33.6501  1027.2614         10 0.0000e+00
     40.000     39.612    -1.4407  26.850809     1.0364    96.9596 306.797514    237.173        950    33.6531  1027.2688         12 0.0000e+00
     41.000     40.569    -1.4411  26.852688     1.0341    97.0083 306.797547    240.020        961    33.6555  1027.2756         10 0.0000e+00
     42.000     41.612    -1.4376  26.858367     1.0837    97.0753 306.797576    242.546        971    33.6588  1027.2830         11 0.0000e+00
     43.000     42.598    -1.4343  26.864227     1.0978    97.1119 306.797611    245.572        983    33.6625  1027.2907         13 0.0000e+00
     44.000     43.480    -1.4265  26.876387     1.0402    97.1603 306.797646    248.603        995    33.6699  1027.3012         10 0.0000e+00
     45.000     44.615    -1.4111  26.901881     1.0662    97.2214 306.797672    250.838       1004    33.6869  1027.3194         10 0.0000e+00
     46.000     45.567    -1.3896  26.933480     1.0809    97.3547 306.797705    253.686       1016    33.7057  1027.3387         12 0.0000e+00
     47.000     46.487    -1.3703  26.960194     1.0904    97.5331 306.797743    257.016       1029    33.7199  1027.3545         10 0.0000e+00
     48.000     47.507    -1.3485  26.992866     1.0776    97.7563 306.797774    259.712       1040    33.7397  1027.3747          9 0.0000e+00
     49.000     48.556    -1.2855  27.071733     1.0379    97.9294 306.797802    262.059       1049    33.7763  1027.4071         10 0.0000e+00
     50.000     49.525    -1.2649  27.096541     1.0353    97.9706 306.797833    264.793       1060    33.7865  1027.4194         11 0.0000e+00
     51.000     50.468    -1.2622  27.101291     0.9124    98.0903 306.797869    267.906       1073    33.7893  1027.4264         12 0.0000e+00
     52.000     51.462    -1.2640  27.100616     0.8857    98.1337 306.797902    270.766       1084    33.7898  1027.4317          9 0.0000e+00
     53.000     52.492    -1.2614  27.105398     0.8970    98.2090 306.797929    273.068       1093    33.7928  1027.4388         10 0.0000e+00
     54.000     53.503    -1.2578  27.110126     0.9397    98.2470 306.797962    275.909       1105    33.7946  1027.4450          7 0.0000e+00
     55.000     54.453    -1.2361  27.135620     0.9172    98.3143 306.798000    279.193       1118    33.8044  1027.4570         12 0.0000e+00
     56.000     55.419    -1.1552  27.237756     0.8821    98.2728 306.798032    281.998       1129    33.8523  1027.4978         11 0.0000e+00
     57.000     56.453    -1.0835  27.323668     0.8305    98.3620 306.798061    284.451       1139    33.8883  1027.5291          9 0.0000e+00
     58.000     57.496    -1.0718  27.336486     0.7884    98.3586 306.798094    287.354       1150    33.8919  1027.5364          7 0.0000e+00
     59.000     58.476    -1.0490  27.362925     0.7988    98.4077 306.798194    295.962       1185    33.9016  1027.5482         12 0.0000e+00
