process/ux181102B.cnv
* Sea-Bird SBE19plus  Data File:
* FileName = C:\Users\C-019\Desktop\CTD\x181102B_2\x181102B003.hex
* Software version 2.3.0 SB_Terminal.dll
* Temperature SN = 7296
* Conductivity SN = 7296
* System UpLoad Time = Nov 02 2018 18:47:09
* <ApplicationData>
* <SeatermAF>
** Event: 2
** Station: B
** Latitude: -64.7795
** Longitude: -64.04167
** Local Time of Cast: 15:40
# nquan = 13
# nvalues = 58                          
# units = specified
# name 0 = prdM: Pressure, Strain Gauge [db]
# name 1 = depSM: Depth [salt water, m], lat = -64.00
# name 2 = tv290C: Temperature [ITS-90, deg C]
# name 3 = c0mS/cm: Conductivity [mS/cm]
# name 4 = flECO-AFL: Fluorescence, WET Labs ECO-AFL/FL [mg/m^3]
# name 5 = CStarTr0: Beam Transmission, WET Labs C-Star [%]
# name 6 = timeJ: Julian Days
# name 7 = timeS: Time, Elapsed [seconds]
# name 8 = scan: Scan Count
# name 9 = sal00: Salinity, Practical [PSU]
# name 10 = density00: Density [density, kg/m^3]
# name 11 = nbin: number of scans per bin
# name 12 = flag: flag
# span 0 =      1.000,     58.000       
# span 1 =      1.015,     57.396       
# span 2 =    -1.4463,    -1.0688       
# span 3 =  26.842352,  27.336765       
# span 4 =     0.0990,     1.1017       
# span 5 =    95.8017,    98.4162       
# span 6 = 306.798232, 306.800219       
# span 7 =    299.264,    470.956       
# span 8 =       1198,       1885       
# span 9 =    33.5472,    33.8889       
# span 10 =  1026.9915,  1027.5339      
# span 11 =          6,         13      
# span 12 = 0.0000e+00, 0.0000e+00      
# interval = decibars: 1                
# start_time = Nov 02 2018 19:04:28 [Instrument's time stamp, header]
# bad_flag = -9.990e-29
*END*
     58.000     57.396    -1.0688  27.336765     0.7888    98.3829 306.798232    299.264       1198    33.8889  1027.5339         10 0.0000e+00
     57.000     56.437    -1.0862  27.314889     0.8232    98.4022 306.798267    302.272       1210    33.8793  1027.5219         12 0.0000e+00
     56.000     55.482    -1.1132  27.280860     0.8149    98.3826 306.798304    305.424       1223    33.8639  1027.5056         10 0.0000e+00
     55.000     54.457    -1.1582  27.224205     0.9291    98.3119 306.798337    308.320       1234    33.8378  1027.4813         10 0.0000e+00
     54.000     53.421    -1.2109  27.159617     0.9782    98.3097 306.798367    310.881       1245    33.8095  1027.4555         11 0.0000e+00
     53.000     52.479    -1.2487  27.116505     0.9817    98.4162 306.798403    313.996       1257    33.7937  1027.4391         13 0.0000e+00
     52.000     51.534    -1.2554  27.108385     0.9179    98.2901 306.798438    317.075       1269    33.7908  1027.4322         11 0.0000e+00
     51.000     50.470    -1.2547  27.108239     0.9465    98.2076 306.798468    319.674       1280    33.7904  1027.4270         11 0.0000e+00
     50.000     49.534    -1.2568  27.104317     1.0227    98.1600 306.798503    322.618       1291    33.7881  1027.4204         11 0.0000e+00
     49.000     48.497    -1.2728  27.082407     0.9841    98.0302 306.798536    325.471       1303    33.7767  1027.4069         13 0.0000e+00
     48.000     47.551    -1.3116  27.032182     1.0202    97.9559 306.798571    328.498       1315    33.7521  1027.3835         11 0.0000e+00
     47.000     46.536    -1.3258  27.014391     1.0345    97.9183 306.798603    331.258       1326    33.7443  1027.3728         11 0.0000e+00
     46.000     45.550    -1.3280  27.011154     1.0605    97.8557 306.798634    333.991       1337    33.7430  1027.3670         10 0.0000e+00
     45.000     44.535    -1.3447  26.988302     1.0428    97.8024 306.798667    336.814       1348    33.7310  1027.3530         13 0.0000e+00
     44.000     43.561    -1.3785  26.942320     1.0554    97.5876 306.798703    339.942       1361    33.7065  1027.3295         12 0.0000e+00
     43.000     42.617    -1.4039  26.905837     1.0838    97.4325 306.798735    342.733       1372    33.6855  1027.3084         10 0.0000e+00
     42.000     41.555    -1.4153  26.890179     1.0810    97.3796 306.798764    345.195       1382    33.6775  1027.2975         11 0.0000e+00
     41.000     40.592    -1.4265  26.874725     1.0719    97.2556 306.798797    348.066       1393    33.6695  1027.2865         12 0.0000e+00
     40.000     39.631    -1.4399  26.856212     1.0922    97.1486 306.798834    351.257       1406    33.6596  1027.2741         13 0.0000e+00
     39.000     38.673    -1.4455  26.847519     1.1017    97.0367 306.798867    354.111       1417    33.6547  1027.2654          9 0.0000e+00
     38.000     37.569    -1.4463  26.842352     1.0359    96.9690 306.798894    356.408       1427    33.6490  1027.2560         11 0.0000e+00
     37.000     36.628    -1.4321  26.845059     1.0388    96.7121 306.798929    359.439       1439    33.6373  1027.2413         13 0.0000e+00
     36.000     35.653    -1.4240  26.847274     0.9980    96.5353 306.798967    362.719       1452    33.6319  1027.2318         12 0.0000e+00
     35.000     34.706    -1.4197  26.848245     1.0239    96.5136 306.798999    365.529       1463    33.6290  1027.2245         10 0.0000e+00
     34.000     33.617    -1.4195  26.847551     1.0145    96.5609 306.799029    368.078       1473    33.6285  1027.2193         12 0.0000e+00
     33.000     32.731    -1.4194  26.847139     0.9776    96.5195 306.799066    371.305       1486    33.6284  1027.2144         12 0.0000e+00
     32.000     31.655    -1.4177  26.847296     0.9669    96.5522 306.799098    374.026       1497    33.6273  1027.2086         11 0.0000e+00
     31.000     30.712    -1.4167  26.847197     0.9681    96.5229 306.799131    376.955       1509    33.6267  1027.2033         12 0.0000e+00
     30.000     29.672    -1.4171  26.846616     0.9271    96.4964 306.799163    379.696       1520    33.6270  1027.1987         11 0.0000e+00
     29.000     28.737    -1.4150  26.847394     0.9093    96.4842 306.799198    382.696       1532    33.6263  1027.1933         12 0.0000e+00
     28.000     27.719    -1.4128  26.848105     0.8922    96.5116 306.799230    385.486       1543    33.6254  1027.1877         11 0.0000e+00
     27.000     26.744    -1.4122  26.847920     0.8482    96.5376 306.799264    388.431       1555    33.6251  1027.1826         13 0.0000e+00
     26.000     25.730    -1.4107  26.848299     0.8218    96.5197 306.799298    391.393       1567    33.6246  1027.1773         11 0.0000e+00
     25.000     24.758    -1.4107  26.847793     0.7359    96.5162 306.799334    394.433       1579    33.6245  1027.1724         13 0.0000e+00
     24.000     23.756    -1.4115  26.846872     0.7651    96.5168 306.799367    397.287       1590    33.6248  1027.1679         10 0.0000e+00
     23.000     22.767    -1.4118  26.846109     0.7058    96.5241 306.799401    400.209       1602    33.6246  1027.1629         12 0.0000e+00
     22.000     21.797    -1.4087  26.847360     0.6312    96.4900 306.799435    403.212       1614    33.6235  1027.1571         12 0.0000e+00
     21.000     20.788    -1.4076  26.847442     0.5791    96.4973 306.799469    406.115       1625    33.6230  1027.1519         12 0.0000e+00
     20.000     19.807    -1.4047  26.848618     0.5193    96.4995 306.799504    409.138       1638    33.6220  1027.1461         12 0.0000e+00
     19.000     18.815    -1.4020  26.849621     0.4733    96.4836 306.799539    412.145       1650    33.6210  1027.1405         13 0.0000e+00
     18.000     17.841    -1.3990  26.850646     0.4237    96.4692 306.799575    415.245       1662    33.6196  1027.1344         11 0.0000e+00
     17.000     16.816    -1.3977  26.850833     0.3616    96.4119 306.799608    418.135       1674    33.6190  1027.1291         12 0.0000e+00
     16.000     15.865    -1.3944  26.852047     0.3333    96.4187 306.799645    421.358       1686    33.6176  1027.1231         13 0.0000e+00
     15.000     14.872    -1.3907  26.853421     0.3377    96.3949 306.799681    424.423       1699    33.6159  1027.1167         12 0.0000e+00
     14.000     13.864    -1.3890  26.853621     0.3182    96.3836 306.799713    427.216       1710    33.6149  1027.1110         11 0.0000e+00
     13.000     12.847    -1.3857  26.853876     0.2965    96.2757 306.799745    429.973       1721    33.6123  1027.1040         11 0.0000e+00
     12.000     11.893    -1.3772  26.856181     0.2531    96.1452 306.799781    433.051       1733    33.6064  1027.0942         12 0.0000e+00
     11.000     10.906    -1.3672  26.859203     0.2447    96.0649 306.799815    436.014       1745    33.6000  1027.0838         12 0.0000e+00
     10.000      9.887    -1.3629  26.860074     0.2337    96.0622 306.799847    438.739       1756    33.5970  1027.0764         10 0.0000e+00
      9.000      8.895    -1.3609  26.859874     0.2302    96.0287 306.799879    441.509       1767    33.5951  1027.0700         12 0.0000e+00
      8.000      7.939    -1.3589  26.858963     0.2237    96.0140 306.799913    444.466       1779    33.5922  1027.0627         11 0.0000e+00
      7.000      6.925    -1.3567  26.858334     0.1935    96.0044 306.799945    447.250       1790    33.5894  1027.0556         12 0.0000e+00
      6.000      5.947    -1.3498  26.861181     0.1652    95.9604 306.799979    450.149       1802    33.5862  1027.0480         11 0.0000e+00
      5.000      4.924    -1.3434  26.864127     0.1376    95.9375 306.800012    453.023       1813    33.5837  1027.0410         12 0.0000e+00
      4.000      3.979    -1.3364  26.868003     0.1080    95.9432 306.800051    456.369       1826    33.5817  1027.0343         13 0.0000e+00
      3.000      2.957    -1.3342  26.868919     0.1083    95.9470 306.800086    459.402       1839    33.5812  1027.0290         12 0.0000e+00
      2.000      1.988    -1.3348  26.866738     0.0990    95.9478 306.800121    462.401       1851    33.5795  1027.0228          7 0.0000e+00
      1.000      1.015    -1.3263  26.849752     0.1130    95.8017 306.800219    470.956       1885    33.5472  1026.9915          6 0.0000e+00
